[hutan.jpg]
filters=autolight=1;dir_tint=1,0.498896,1.017682,0.000000,0.000000,ff585858,0;
moddate=2e137d5dac12d301
width=1366
height=768
textactive=0
